11803,2847,1573,766,5672,6214,9099,6723,946,8866,7422,5988,18953,NA,1308,9622,4844,676,13852,15948,14854,NA,17055,8413,6023,15708,9490,4708,13575,2505,14379,NA,1217,12378,NA,13764,15453,14528,NA,13277,10323,13285,12223,3233,13951,19903,9024,1985,5422,182,19055,5493,10562,18785,5911,4467,2208,9354,NA,575,6880,NA,6544,182,17238,4075,7471,17577,18232,3966,15600,12496
341,11588,16772,9270,445,9461,15041,14919,12021,1756,1929,4452,14944,17260,16412,907,950,16098,952,4842,4023
4887,18030,2653,317,12134,5865,17388,469,14302,3409,17597,11322,7443,10066,4549,1565,9542,10606,9477,12303,NA,5074,9056,5489,9377,15771,10885,17362,5988,11784,14876,5570,8029,12484,NA,1090,19839,8637,18723,8596,13602,NA,8893,111,159,15901,NA,10720,15779,7126,10512,17954,17173,13652,1536,11316,7735,18617,9660,7319,10005,5678,13913,735,9469,NA,15793,12744,10473,5913,19245,5071,9977
10902,16236,12955,12597,10173,12827,5221,6136,15543,12192,16874,1060,10008,9206,3978,13855,12998,12816,NA,17483,141,NA,8090,2787,3478,6379,18445,9179,6788,3833,9510,10865,16701,13947,10508,10988,12489,6557,11945,18096,13605,6996,8063,16641,4017,162,NA,8641,14056,18510,14514,NA,13331,15286,NA,11859,7202,12634,9252,1766,14376,3497,19815,73,6683,6800
9397,2378,3548,19596,451,6414,16717,9822,5623,15212,3553,19355,132,497,16948,16775,15391,12394,11543,9149,5834,9429,415,1902,10916,8979
15538,2461,526,12736,12110,2635,16471,4931,4558,2224,10494,12803,9564,9905,13125,NA,19250,5361,5173,17471,15332,11872,15221,16853,1492,NA,14268,17727,6445,19114,2151,NA,2356,2049,8944,130,5135,11504,9820,1091,11959,7392,5235,11028,1262,17873,18018,9389,NA,17113,13984,8482,15186,14483,15667,7194,NA,15034,5561,13419,704,NA,14694,1476,11290,14975,5032,19291,17673,10858,4191,11456,14107,490,5646,12241
11337,18406,4829,14538,14403,19665,12106,8802,7922,4381,8020,NA,4934,7050,13700,4543,4133,12631,10059,2939
7309,16381,6338,19927,12124,17383,6865,1190,12882,8074,10048,16208,13155,16998,NA,12181,2119,19312,10082,7444,9307,285,2730,14591,10565,NA,3913,12416,13345,2967,2675,3491,6717,18368,363,18879,1206,4615,17404,9006,4273,8670,5289,17009
15667,18094,8927,12085,5720,15062,9191,9364,6717,12797,18249,13281,9749,18935,4473,7259,14965,NA,6284,12230,11770,19452,19430,11794,15807,17061,10002,2726,8789
5167,5118,15814,15323,14151,17314,2683,3381,10916,11908,1015,15087,10926,14217,6894,11567,16565,16237,17156,14270,16908,15028,7794,15621,16982,9272,13236,5690,14649,13629,9391,16269,15772
9025,17062,16393,8735,15715,5158,18758,14173,6703,13724,9855,13017,10006,15436,NA,19433,17570,17006,16932,18052,2238,1928,3490,12245,6352,779,17486,5923,7689,7921,9002,726,11826,14504,2038,3932,3565,19071,4357,94,2020,5282,106
10244,13726,19155,9699,1214,3904,18176,16055,19268,19438,19459,11999,937,17079,10405,7351,12792,18786,3317,250,6559,13864,9312,4020,18946,16152,14051,2681,7507,766,12805,16649,18656
8961,18044,12817,16729,6185,14786,1590,2693,8307,4480,6459,12709,19075,3609,19517,4226,9098,18896,9421,8871,19804,19561,11359,14016,11552,12540,NA,11622,17166,17933,19159,12307,11451,5368,3789,150,1444,1683
7654,13425,2400,9439,2382,8529,3200,10742,10799,19404,5112,12491,NA,12353,17557,3643,8230,10028,18588,6285,13942,9519,14400,12430,9366,4769,14410,3050,14315,16968,5567,11145,5157,3562,3004,12125,8220,8944,12776,7466,12019,8162,18933,19183,2733,1597,4889,11200,12942,3148,15343,18969,19966,17271,14426,7157,12324,15682,5216,5508,13473,NA,10230,17840,12850,15254,1197,18043,3609,6766,13149
16087,18753,8280,13558,7486,18476,11667,9455,18252,4492,13574,12590,12807,18451,18221,1323,4177,14214,3638,11822,NA,17569,14267,15083,8043,11692,12452,7410,16456,17171,1422,263,1951,2242,7099,3708,17779,16559,2572,NA,18178,12616,18123,15216,19430,18409,7471,106,9817
14414,7582,18887,8468,18736,1813,965,18594,11154,19963,10819,12587,6176,18974,4723,4564,7089,1903,9320,9655,17074,6888,NA,5037,NA,19375,3127,12370,3867,17352,10178,1925,4619,6215,14907,6520,7069,12056,522,16818,8165,3486,2829,15974,11520,NA,12261,10416,9514,14302,19874,14357,NA,11943,6877,16375,18586,2950,2597,12540,10930,12725,1821,17332,16604,10823,8372,19850,16933,11478,8036,15160,15847,1013,15069,12582,5132
10842,11646,14320,165,5382,9116,7512,15062,19948,4679,15706,3278,6950,6096,19701,9777,8798,15932,15942,3248,14361,1255,16376,3784,NA,10939,13886,6485,7157,7516,14168,660,10162,10237,2438,2967,8345,14560,7228,3116,1302,1301,16814,2129,4242,14142,12213,19513,NA,14560,NA,17084,NA,4089,NA,17431,2233,19819,19294,14302,9315,14936,17645,19315,15498,11539,5574,17015,5368
8092,14187,14638,3377,8361,325,18735,16680,4738,17923,3551,2150,11661,14812,6983,11846,NA,6630,12780,NA,17465,2219,5190,7028,19447,16300,12015,9312,1052,1092,15005,722,19779,3595,7314,11042,13205,17864,10279,9873
3968,1803,1526,17110,19222,872,19941,6619,17062,13662,7500,16254,824,4889,10245,16744,9550,1629,19655,4319,8991,10736,9634,19635,12898,15010,10939,7435,5696,7031,10867,7458,NA,18588,15024,7818,6660,17390,18339,NA,8941,8467,173,NA,161,NA,16534,10636,14373,5301,5959,11304,6272,16850,3720,7607,10669,14094,4001,7053,5844,NA,3963,19200,14282,5082,1048,7607,NA,2190,4306,8761,3852,18670,1614
1404,13182,10014,6091,15176,15628,18056,5808,638,5217,6496,12042,13683,6001,8848,3875,13155,17113,8829,18881,6773
12856,11026,10963,8358,7597,12205,14422,6474,1568,9337,5188,8197,13141,10203,NA,9643,3355,2165,NA,1908,723,8734,8391,7029,8325,19165,11165,991,19317,11521,6165,13348,7291,19348,3463,5850,12590,16949,9374,9470,3947,17045,2467,11822,11375,12338,18555,19858,15368,207,2510,17415,18525,13517,NA,10507,11891,16821,14272,17490,17997,19203,16769,8806,6645,3486,14088,7843
17184,2783,16142,11634,16537,12032,13663,10887,7629,3666,13917,4735,9761,10529,759,694,NA,4640,5732,NA,8196,12891,9057,8417,17535,4077,2860,14217,3267,7076,9871,11236,3436,6642,1770,15328,5175,3377,16474,7080,NA,9547,12569,4446,17826,19299,9215,8267,10495,18878,16014,NA,9994,18135,14553,1880,5447,8944,8372,14031,6463,1113,6179,17293,18733,10400,6199,18809,6743,NA,17061,13147,4248,14128,11489,15710,13548,1410,16552
13715,19994,10940,16157,6975,3735,4746,1487,1309,1878,14641,NA,15483,3199,109,4205,953,16988,NA,14736,18894,9815,17397,19905,10856,14208,NA,2886,635,2525,15703,5687,12038,1809,NA,3606,NA,6123,12867,4418,11540,18464,17805,18834,5392,10071,12032,6656,19086,NA,17671,2461,1284,17585,3193,1213,10372,5370,15613,3335,9279,13898,5664,9949,3620,13556,7487,1577,9851,8418,12919,7713
9876,8785,3227,6484,17826,14714,7599,13972,12550,2726,14118,15985,3958,NA,19732,11456,8989,NA,14453,18244,9622,2628,7361,NA,16136,2812,13298,8834,10022,7129,12932
4273,17972,19188,6528,15677,4821,8435,227,8753,10015,11261,19330,9703,12250,3801,NA,18353,7200,7167,3914,13386,497,10359,14592,11563,733,15186,17825,14155,19044,578,14718,7697,16885,14433,3532,16955,5779,3660,5051,5813,19767,NA,10750,4200,10030,11588,13762,11956,12357,15436,9627,10958,10484,17296,226,1424,13803,4803,8208,16570,1083,8075,3627,5696,9508,922
10007,14655,6793,2682,19426,6114,1728,3598,15514,18689,17027,702,12288,7722,7013,18541,16329,17375,11723,6987,NA,13323,17539,16671,3442,17778,17300,824,16624,9529,12413,17193,6813,1599,6732,404,13090,1267,NA,289,3567,15367,8286,NA,12077,10420,424,12435,5979,NA,18738,19980,1722,7546,10080,12434,2180,NA,14930,9727,9296,3324,16058,3738,18466,2458,5534,17449,6670,8409,5688,17100,10722,11564,13333,11735
9643,17463,11821,3219,11379,6710,3287,831,7853,16686,18631,14686,6410,6367,18330,19651,2414,5264,6490,9550,15736,7422,10544,4104,NA,10968,18547,517,6674,10587,10998,19348,12051,253,13082,14443,11743,16594,15071,991
4090,11351,12338,10950,8110,3182,5581,2029,17699,19651,16986,NA,6351,5482,NA,946,6439,9681,13146,9460,11960,5188,19526,18072,4999,10821,11696,15846,16766,13574,9920,14143,17185,6188,1144,18651,2602,8170,6062,12066,15762,13279,11053,2661,13331,2229,13952,1778,NA,14605,7664,18533,15952,4536,9626,9916,3654,7749,19949
1501,6249,6766,3818,7938,9053,12007,9382,7766,17158,19204,18112,6041,8353,3793,14476,5647,19437,17691,3998
2473,12975,12873,1,11059,13309,11040,7066,9762,14800,16093,9038,11274,6838,15820,19993,19197,4238,10400,7015,11047,1747,19195,3349,NA,18409,16926,9749,17733,13080,19792,19852,15087,578,11040,11898,8828,8489,19572,18130,10567,17976,13173,7058,4783,17640,16170,8492,7432,6673,19190,192,16488,9364,2823,9033,7755,15721,9066,16307,16576
10217,8831,249,6785,14250,14302,18733,4018,19588,10831,13068,14129,14171,18905,2854,10838,13397,19398,16275,14070,15398,6269,5891,13473,12421,9208,7600,12723,4275,12589,13927,896,19475,14774,2340,14791
18669,6188,9609,8545,14048,14033,6645,4246,11957,14686,5983,NA,791,11527,4185,7957,15166,NA,19131,265,NA,1700,674,3072,1548,11482,17545,NA,10623,16367,2090,NA,5398,4571,18669,11181,1175,15346,14915,3232,15236,NA,10065,3889,16895,430,2847,15038,11906,744,717,17253,10240,19373,14214,2186,4355,16444,8603,17769,17882,11692,15684,7013,6794,1967,4663,NA,2468,7972,8330,2384,13500,11953,12171
8997,335,5243,9820,12235,10836,19613,2917,16666,13061,17323,11403,3742,12850,5826,3099,4525,8206,5757,10284,7922,17090,4910,NA,17462,12864,14853,6345,NA,13498,12189,8915,17782,12122,18258,7574,17801,13128,3725,3091,19840,18992,8127,12365,16432,NA,141,NA,18764,8258,14189,7986,12788,NA,221,15624,10266,16361,19665,17490,9203,13262,13748,5308,13352,NA,3665,5231,4983,11400,NA,10763,19296,14741,16976,10769
18454,1386,13754,16488,12966,13302,13195,9078,11686,15808,16029,14485,2701,NA,3220,NA,7168,665,6060,5160,6508
5173,12257,14382,5188,11689,377,7019,8180,16032,9707,859,5353,16714,2685,19517,10847,5516,2843,17467,12742,8579,4606,18245,7961,14840,10105,7988,14337,7052,5602,4892,15869,10850,2259,4044,10111,13650,14787,19252,NA,11606,4431,4610,7482,NA,18440,18269,12644,7790,13421,6312,3480,10079,5729,19341,16346,19467,4044,939,5983,5915,14837,14738,7562,19182,2330,6028,2362,7226,4143,156,11290
10955,19261,8415,9326,929,7399,15714,641,16190,617,18226,7180,10993,18963,11074,502,9812,1314,7747,17655,5140,1619,13059,10305,17954,10298,3997,2440,4361,NA,5737,2554,NA,17760,3408,2742,1519,5173,12032,10014,9433,17758,9912,2467,10252,9282,19752,10805,16974,11960,6264,14202,13718,9943,7808,NA,4063,1685,4363,4638,13802,12913,12722,7634,11654
16869,6170,18484,16746,10135,6542,16434,12214,6589,10324,5687,16584,4358,3132,4004,9985,10744,15387,4804,11873,3300,1598,11161
9205,9892,8045,18030,6745,2742,2077,2086,9680,918,1515,6437,NA,11868,18426,8614,6594,8324,11672,NA,3561,15867,14692,5470,15618,NA,13940,17623,NA,15808,12690,NA,14785,8222,5906,11161,5464,NA,10267,14205,784,1936,715,3080
19530,6402,19120,14238,18882,1489,5954,1452,14264,7101,18438,11157,14110,2092,6054,3654,9534,NA,6224,15850,3911,5040,5509,NA,11699,16371,7891,3305,19214,9159,3522,8391,6522,13854,2222,NA,325,18103,12021,13282,5658,6020,9415,13575,2596,11739,NA,5251,8432,6991,10312,11683,16380,847,3408,8262,14277,9160,3363,9566,6391,1292,2163,5563,16439,10502,19022,16130
316,311,17134,4307,4244,4473,15414,5471,14606,13355,18066,4827,5841,13460,13280,7897,9830,7510,16330,1852,11727,14935,14534,17228
4134,19415,9860,17599,14118,11711,11723,3238,9547,3817,17212,8310,14799,7883,18521,9684,NA,16581,16423,14356,18344,465,12606,11348,2590,9139,18971,18707,13240,4536,19712,11055,15671,3268,1663,390,5526,13328,13729,10284,8058,10308,19387,17360,617,16994,1687,14596,1524,16585,1183,4016,6496,9019,11035,NA,12706,2166,3840,19993,NA,16860,573,NA,10653,3375,13264,15314,18112,3534
19684,4687,9560,7679,8893,18302,12893,7488,4996,1078,7280,NA,1425,6277,626,15865,18381,17638,12378,15197,8765,18490,NA,16054,11625,767,NA,249,9072,2515,7278,2118,18040,NA,396,12116,14516,9198,15053,NA,4896,5643,NA,18890,16249,13357,17655,18894,5657,16094,17969,2073,1568,7822,2947,7538,16965,NA,8366,16084,16472,1416,18753,923,758,8274,821,14500,15275,17849,14550,12919,17434
694,17244,2241,12239,9061,19747,6576,14293,2469,14691,1521,1836,15692,3931,7945,6322,11009,653,3597,467,11792,6621,5633,3108,12802,2136,6610,14469,17159
16061,3871,1981,10371,15420,10009,3882,3563,6617,16114,10309,9197,14915,19619,17783,7731,12093,9977,3251,8108,13047,15206,14372,19072,13207,10298,14132,16124,15374,12463,11981,16417,4562,2887,NA,4338,5584,13148,5557,NA,18787,824,4307,12762,2585,8758,NA,13325,17719,15700,NA,4686,8322,5264,3423,15060,533
15188,5935,11035,10739,8019,9037,19918,16862,9605,8093,18061,9321,294,19551,11182,3194,3065,9190,4342,4727,9027,16542,5795,9201,NA,4914,276,2657,7531,16134,14151,467,1983,5044,5323,12376,13059,221,90,5420,12589,17395,9543,3113,8723,1365,8115,2462,18775,622,14196,4250,NA,12011,3838,14074,14113,17222,12923,14429,13835,2658,7491
15040,9020,11428,3784,17132,13319,19687,15628,4854,9204,4590,14725,1898,NA,4378,NA,13434,2904,17250,16163,1936,8123,6059,19079,15014,18298,673,17332,7663,16780,14656,7711,3174,2709,11531,15029,1970,15289,22,4722,18389,9855,12168
9340,8361,18899,18646,8202,18543,16187,15287,6022,18303,8189,19999,16145,NA,16406,4477,15029,NA,4895,NA,1850,15022,2810,18320,10910,15526,4836,NA,7928,7597,2561,2715,985,8828,NA,18291,9875,4402,806,4555,16970,6155
17622,88,4730,19488,8223,17775,4247,19477,9841,30,13479,9027,17766,8184,14843,19452,19735,5558,16301,12953,445,NA,4443,2882,12483,2286,19753,16790,19043,17561,3480,6232,16538,17078,18210,4938,8506,10745,5954,1898,7565,12090,2866,NA,17063,2971,10343,2076,4960,13446,10108,19335,13933,9749,19236,11222,2111,4493,5512,11158,1557,6742,14459,9490,10527,16951,11017,3303,14181,5090
5733,2564,831,4188,13565,8931,11401,10396,4559,13601,14066,6342,NA,7701,10660,15722,19508,NA,5849,19546,16795,NA,872,11785,18871,4454,17196,19078,8887,17823,7584,1407,15701,8615,1115,16506,3292,319,171,19017,12063,3801,183,16936,15051,NA,13742,NA,18971,19825,16983,2108,NA,11617,NA,12860,17445,2914,5150,3143,340,17992,1253,10790,17240,346,5706,2937,16922,18532,545,9942,15308,17834
19505,9987,15843,15570,9167,17210,2841,2974,15932,4166,18652,12005,15185,3223,18542,13394,NA,12359,NA,2769,4341,NA,14748,NA,14058,5454,12847,9417,12029,2418,13294,19267,NA,11647,1849,8533,16387,17727
12733,15032,4564,3135,10131,5365,892,4934,15517,10144,675,734,11662,3276,19077,19963,11922,14108,4711,11203,7182,2833,7076,10008,18850,15436,8837,7107,9818,13985,6551,NA,6566,19639,16151,4706,18807,2755,12059,20000,7990
1564,18082,6111,13669,19439,5289,13059,470,337,13038,7951,17844,3275,18918,NA,11655,5788,10884,NA,14360,315,478,8571,15062,16639,19917,15517,18313,14132,NA,7888,4268,17827,13315,6953,935,5620,5409,NA,18775,827,411,665,NA,19110,16362,17679,10822,14496,14657,4458,15355,14957,NA,17998,13965,12589,18410,10523,4493,16578,14961,18919,8691,8718
70,16460,3135,3990,10154,16245,9003,8871,18722,10233,6051,16198,16376,16576,3535,8860,5902,1781,3573,10417
15263,15173,17054,11131,1240,17939,10495,9529,15308,6866,13357,11169,19894,18012,19206,3791,18569,3943,3930,3613,19688,1119,6958,657,9317,9796,NA,4142,6109,3164,10639,9489,4732,17046,18143,7713,NA,6038,19835,8489,9622,NA,17881,599,10865,NA,11208,13034,12259,6681,2893,1774,5229,14138,10098,519,5378,4484,11971,16529,15692,1228,17199,18660,5084,1357,11211,4872,19322,18243,13914
14788,10730,18175,10303,13680,11131,13345,10085,3705,14525,17909,16854,11958,NA,4368,18323,10576,13055,NA,12982,3277,6016,2296,15081,1913,1601,935,4372,10839,19159,17258,18251,16972,9239,11015,2428,15970,3727,1220,8479,3914,936,6070,13479
14255,2736,8744,1782,13242,16925,8547,12278,3663,7959,14846,5827,17947,7365,17691,14046,568,19561,1312,5720,8089,3467,13831,14053,6920,3485,19079,8264,11261,16132,8769,2658,4090,14968,18586,11006,4316,10059,14818,2095,10774
1956,15776,13245,10645,15246,19468,11490,14315,16940,4480,11165,4780,8174,9013,14069,2922,1009,10791,13474,7342,11007,16087,648,9759,16720,3655,16937,13492,5194,17892,5591,15903,11923,5153,13680,19195,13772,14126,5928,2493,12755,16409,6795,3798,701,8991,19753,1663,9029,2239,16666,7229,16417,14014,NA,18252,2578,6531,14250,3661,184,12268
3923,7869,12265,13947,12002,1423,15328,2996,1474,17060,15576,18823,14421,NA,12565,18382,12833,227,10506,16104,NA,4304,7934,NA,14853,9047,10204,13322,9061,7456,18570,1712,NA,15270,NA,8641,15332,17658,17533,10834,3331,4548,10662,4574,1623,6758,17686,2941,6695,12022,8075,NA,17778,15289,10492,NA,15605,12180,17887,16897,236,12212,18930
8955,12607,11012,17249,13235,2144,16955,12699,19006,11304,1113,8757,14865,5021,5766,18193,8776,15217,402,17958,10068,NA,14138,9279,7468,9358,712,19457,19233
8987,17633,823,12206,12406,12383,18466,19124,2241,3434,7062,13477,17978,14263,1582,5051,15660,5135,14084,1518,2041,16251,3582,395,11496,6953,10535,12435,256,14429,5160,13010,13443,13678,6990,2249,14420,14478,NA,19549,17078,12034,1351,18088,19650,4481,4150,18511,19851
9730,16211,146,3092,8001,15115,19686,17655,9546,11339,14663,10851,14844,636,3003,14698,62,11393,7921,1156,12171,6748,3094,19042,4657,17646,7683,15522,16916,10480,2006,NA,5124,10713,1062,3174,3709,NA,625,14985,NA,14706,18900,14309,16197,1737
7063,4402,12280,12279,4516,17769,11553,12944,18449,3753,18503,4536,12873,4973,7518,18603,12890,3512,15752,2207,10470,2466,9408,10491,12691,6593,16169,18264,3573,12403,3231,7459,9390
16503,11894,4774,11888,13251,17854,10450,15128,10605,17900,8596,13008,10552,573,11030,10794,13852,NA,18410,NA,5430,NA,9309,NA,15083,124,18042,11222,14877,14706,18612,8463,NA,6722,9217,2248,19383,10784
7476,5636,12851,14285,6972,1751,9912,1803,16635,9210,4084,16599,18209,15395,NA,18151,NA,8671,13791,5002,14912,16206,4105,2342,12590,6716,13735,3923,7920,5076,16680,11998,11732,4113,10426,NA,8613,14644,10447,4440,NA,16578,3735,19008,5357,8720,8782,735,9941,4399,13010,25,6752,18057,17672,1148,17,3922,19340,12360,18777,NA,15900,17951,6057,17529,8921,17237,19557,11136,9950,9215,16203
15775,18295,19141,15939,11225,16374,10022,3515,13908,15721,1666,3583,4760,4100,NA,296,8980,14017,NA,245,15377,19479,6154,2451,10649,6970,11634,7388
7393,3811,13894,13129,3161,15614,6581,992,17619,14359,17002,607,12854,1218,17480,5192,2222,12876,2203,14245,17426,17464,8031,11563,10420,3893,7652,4820,5030,7902,18988,4163,12957,1904,17259,19485,19547,11065,14287,NA,768,4228,6570,14067,2875,15740,3411,18831,6687,3575,15415,4396,6921,NA,590,NA,4783,3071,2761,3143,12683,4004,9696,1955,16619,19189,6886,3339,NA,5566,12428,NA,15921,2127,8174,1616,13023,4291
7382,4543,7312,6397,15919,6598,14552,16080,6833,15163,16629,19198,808,18086,4907,NA,17267,788,17613,10885,4973,5180,1220,3734,13316,15583,13439,7872,13476,19489,8888,6951,12091,13448,6771,8971,12364,6229,17593,7193,7854,18614,9159,9542,NA,4226,11116,7513,1983,15861,8414,5877
1807,15360,3894,2563,2956,16364,13071,9055,4780,10175,11647,18953,10458,4593,1953,16741,1037,11885,5842,10998,15669,9688,16331
2937,10346,17363,14130,13863,18646,8037,5779,500,4421,6708,8196,4965,NA,122,11045,11348,9816,13453,7916,11838,9060,7674,2951,6437,14851,4194,19692,320,NA,6290,NA,15245,18093,17667,927,19972,3618,4267,7950,4885,NA,476,8618,3327,NA,9831,270,NA,1214,4463,NA,1652,13690,11217,8546,19867,6671,10074,14953
13560,879,5820,8588,19657,17655,5212,9936,12123,5635,7581,13973,12081,NA,3822,7606,NA,10685,17533,16629,11482,14685,8739,15652,NA,9873,15112,4558,10660,854,18057,18960,4854,19631,9630,6082,11489,8739,6542,NA,868,4360,2551,16269,8690,4569,6875,6529,19530,4065,14848,16446,9083,274,NA,15666,16548,3189,5090,9459,16513,7724,13889,838,4343,17010,18892,7312,11578,8960,17061
2279,672,13770,4095,11184,1376,4754,19341,5368,3939,17212,270,16243,NA,10802,6831,11260,10491,6742,15235,16748,4950,6479,11910,12001,9402,7588,6763,15790,12724,14264,42,491,NA,16854,4769,11750,13831,1163,1071,19931,10496,NA,3752,103,18263,5465,6639,2958,11493,1444,5057,16071,17085,3640
3191,2590,16136,13945,1737,17170,7700,4931,737,4724,17557,11632,7701,17949,17239,13565,19061,9356,250,18060,6231,15272,NA,4964,16665,18171,13931,2724,11922,14747,14530,15719,16602,6422,6210,13498,18642,16764,3639,NA,10595,16123,15724,10220,7582,5838,14444,9803,11251,19195,17786,1794,10920,12557,1299,11657,19125,8531,1333,12123,12901
6557,1823,3377,19330,12421,5472,16106,11758,15620,6366,780,9377,NA,2042,4337,11721,11611,3774,9588,1677,3369,18145,14713,1013,8805,2844,19175,10579,19672,5106,12671,9402,18312,1816,4793,3708,4000,5632,15905,10130,12040,15658,14358,7951,13518,12483
18386,3001,17263,13853,18300,1547,1474,4640,11738,1927,18243,11270,13111,247,4757,15702,NA,3090,5143,7855,7942,11119,2952,16722,NA,128,16398,7989,9435,14842,12597,6880,13174,5712,12110,4925,17802,8991,6838,10388,667,6274
8541,12747,15207,955,17252,18676,19993,13585,11804,9072,2865,NA,10910,12344,13957,19281,6035,3285,NA,19781,NA,15309,NA,7873,NA,4569,NA,8370,11592,12303,NA,6864,3007,8230,3322,7022
16645,7246,11786,4107,17276,10350,8884,19206,16200,5776,575,NA,8493,8354,10834,10521,3815,8390,2741,3748,NA,16814,12490,11464,1527,8029,17453,2218,15593,11864,11181,3331,313,14549,15033,NA,1550,9441,14245,NA,13884,9850,1007,818,19285,4895
7941,17999,13875,17435,16544,1061,13314,13012,6613,19897,8352,17389,9040,18153,15013,17585,19829,7803,11940,3075,NA,17864,18079,5176,2347,5855,6726,2697,5001,2757,1095,8773
13630,9274,3974,8983,9824,6112,2805,9505,3928,19903,19220,19112,2065,19986,362,9135,13739,14141,9272,6525,5105,10690,9915,256,14875,3757,1216,9058,5146,8983
10594,10715,8952,13177,10308,6141,10778,1565,14316,9352,18548,10086,19564,15984,16756,15705,19689,17420,8724,8732,10521,12982,15439,10663,16669,11135,7283,7703,16122,19790,13956,14239,19791,7814,11396,16418,10127,4635,15719,15822,18218,5472,18029,12352,16841,8773,14546,12116,251,7246,11227,10879,10063,7453,2677,10178,5405,10806,6432,5697,13709,19180,7677,10428,5551,10782,NA,7459,12172,5298,2948,10930,2984,13606,17715,11268,4062,9423
17357,18254,10579,3992,5555,223,16793,5765,15791,2091,9096,7770,387,5712,13119,18961,12884,NA,10467,12011,19998,5394,18635,5504,14514,6683,7544,NA,2038,17170,636,18128,12801,14286,NA,6098,5073,14679,9994,NA,2184,11418,12044,10361,4941,10342,18414,9739,6896,9456
5148,11408,4457,14963,5252,12395,15856,8320,12551,18125,12496,8757,15241,1459,18592,NA,13376,13049,15512,8299,3404,1239,14173,14204,7595,8658,6192,17303,4268,8493,NA,12987,176,10482,10240,18195,19625,17116,NA,451,9626,10712,1420,10374,4310,4850
7740,1219,19450,15996,16406,16785,2810,11300,6632,6421,7761,1897,11307,2708,NA,17071,4407,6118,456,17968,17675,16343,1640,1499,NA,7625,7866,9005,16219,7717,4067,5597,15536,11585,13499,18341,17484,18254,7237,16931,2179,2454,655,18057,12887,15357,2845
6868,1715,9361,9631,17881,15769,13327,12888,10095,4065,15325,17254,NA,11683,8812,5039,17565,NA,18816,5252,NA,9615,1272,NA,13277,10998,NA,1526,15022,5428,NA,8972,61,3793,10732,13145,NA,6823,11796,NA,2096,14589,18226,18926,NA,11933,10399,19307,17785,2736,1863,13596,4173,4151,3876,19017,9481,1003
10350,19337,2958,19597,14921,5471,13838,15672,17536,5851,8529,13258,14188,1359,NA,17909,14400,7001,6143,NA,13328,18784,19103,14509,17487,19683,NA,15250,11123,5344,876,16739,18192,368,16969,6057,8004,5060,7721,1370,3726,18952,11228,NA,19746,3513,5569,11348,2609,15327,13081,15534,18292,8811,5498,6673,NA,559,NA,18777,15546,92,12623,10529,13493,NA,5671,6809,NA,16532,14784,12023,8014,11677,2460,7866,18685,4251,16542
13995,9151,13702,2083,6684,15914,6469,9954,9848,2054,4677,7192,3730,11295,15058,NA,2482,249,18463,12799,14194,11243,3798,NA,17943,8451,4627,4123,NA,3061,12755,19538,NA,7816,4945,6009,14167,6474,2402,19277,10180,10001,2075,6170
2542,15557,12680,17541,10678,19235,2764,7441,5627,10167,3269,13392,14900,5672,12241,19745,5897,867,2076,5312,2971,11217,NA,4745,13140,17710,8990,15733,11106,17173,311,1902,1975,12697,6826,2159,16422,3340,14226,3940,14027,17403,6154,13375,429,NA,1849,372,16609,14519,4698,19834,NA,16118,14614,10076,NA,15860,8944,4084,14627,12341,12165,12287,5337,8419,9801,14752,19457,12867,9383,13453,15177,10695,8390,8314,3888
4888,439,7455,330,7621,10493,16947,7,11674,8678,19546,13797,19581,14861,5803,5004,4596,12779,7078,2643,19305,14672,3341,11640,948,11185,11029,10421,18105,501,NA,8771,6941,15829,15038,2789,12817,9185,10894,11544,4269,715,5936,NA,3739,10333,17701,3196,14384,16746,8936,12058,4173,11420,7795,18344,5717,18756,316
5949,5367,17799,18527,9999,11578,4515,10921,13759,16702,8422,19095,14734,NA,13949,6967,18413,3332,16245,11317,4824,19113,16222,6634,5983,11315,7581,9717,1463,7849,1017,19240,1957,3094,15966,16201,2681,8837,17692,9561,9798,15649,3184,NA,18810,NA,3953,12084,8809,17537,313,16820,9976,1637,1321,7068,14863,13123,11358,5173,17889,16810,3816,12763,10811,19476,12164,14060,16606,11265,12163,3283
9927,17518,9742,4449,494,11290,17587,6786,6158,2722,8014,19904,6063,12917,1759,18831,11318,7099,6794,9305,10039,778,2255,14747,12821,17092,NA,5581,7168,9901,6439,16653,NA,18962,NA,14584,6860,17429,13673,19695,17141,10805,16230,16289,15563,1319,11101,15501,7416,6923,159,13543,15750,1732
5,9261,16667,2788,325,18703,886,18013,4217,11988,11012,11446,10707,NA,4450,9246,12675,11612,7784,5446,4190,15940,6300,11110,8579,3146,16331,9713,16247,12277
2783,14716,1852,18715,12459,10253,11895,9298,19017,13267,2250,3160,NA,10466,6061,18945,4799,16338,14700,7064,14207,13656,8514,16315,1468,988,6344,17702,19884,12383,6278,1637,15212,NA,9581,10394,7167,19796,12097,3847,15255,15684,18002,1367,8140,6158,2773,15708,NA,110,15945,14596,16009,4556,15395,15683,16323,18290,12504,2179,10605,16055,18846,13441,2121
18111,4132,13040,7131,7315,5512,13722,2963,14476,13660,12091,11999,17684,9806,3613,6246,17313,19884,15880,573,303,6848,19067,1077
10839,7869,3152,18736,17027,18014,2128,17481,936,15850,8705,4853,7684,17457,9808,11661,11533,6808,18458,5213,NA,14797,18407,8121,4532,7730,7961,10607,11237,12640,5261,4157,7484,3308,NA,4733,10192,2491,11275,3328,4530,8972,14435,16014,NA,15242,19669,17149,NA,13337,2569,5128,13509,8432,14787,18850,14523,2553,NA,3690,7716,5492,8641,6744
17948,18377,5081,7720,5353,13980,13669,2188,10189,7592,13401,17248,1208,7836,NA,3297,2210,1587,16594,14051,13175,15513,15937,4435
14132,12865,19416,5113,3837,919,17066,15947,2394,5862,2276,13156,571,4255,4829,17980,NA,9367,8568,5298,16576,17343,18689
17526,7567,9658,5057,5031,5111,17794,19485,9819,5839,3559,18406,19883,NA,19260,4956,3908,5346,17853,11113,3071,19690,5521,NA,17908,1679,6986,13917,10776,9102
