-1773973839
-8369997553
-3598737779
4756466877
17176852110
2015083241
-14837788926
11484352531
11868781913
597195326
6077773697
-706346289
771617092
1552533048
-5868570883
276427113
7589963969
-478012832
-16385514737
-7026533237
9759916896
6985873669
-9342256300
-370289508
-2894265107
-6584668914
-8345090116
4048187824
-10802138938
-25823499236
2572167330
-4284952812
-5585610723
12001470032
-497779639
-12781105926
6381462754
-9400994877
-9383707938
2457484824
-8755514221
14003654421
-6352999479
1629385464
797767550
2807236407
-2833435247
5540504945
2859691595
-11856618035
11927974549
9409586624
455318012
-3237511746
-3587222056
86426268
1675107261
10862130554
-4441689212
2568656267
7108264557
-1867816864
-2909090442
-3113673232
-901283515
-7002040089
4585432415
14275586397
-2725483204
7925663968
-18340048330
373899306
3578680261
2663595136
12374591922
-14821138068
22285480027
-2348074825
-279140965
9161951396
4905002096
14944521728
-15130285001
4218884297
12515684803
9698689416
-4952736683
-14043135537
-1721968930
7154769725
5253033030
-11309242127
-15695263264
-358209846
-8660404352
7859572782
7080622616
-6712662075
-2086923968
